['13', '1', 5, 6, [0, 0, 0, 0, 0, 0, 0, 0, 0, 0, 0, 0, 0, 0, 0, 0, 0, 0, 0, 0, 0, 0, 0, 0, 0, 0, 0, 0, 0, 0, 0, 0, 0, 0, 0, 0, 0, 0, 0, 0, 0, 0, 0, 0, 0, 0, 0, 0, 0, 0, 0, 0, 0, 0, 0, 0, 0, 0, 0, 0], [0, 0, 0, 3, 2, 0, 7, 3, 0, 0, 2, 5, 7, 1, 0, 0, 0, 1, 0, 2, 0, 0, 0, 4, 0, 2, 2, 2, 0, 0, 3, 3, 0, 1, 0, 6, 3, 2, 3, 1, 0, 3, 0, 0, 0, 3, 3, 0, 2, 1, 0, 0, 2, 3, 0, 2, 2, 1, 6, 9]]
['13', '2', 8, 9, [0, 0, 0, 0, 0, 0, 0, 0, 0, 0, 0, 0, 0, 0, 0, 0, 0, 0, 0, 0, 0, 0, 0, 0, 0, 0, 0, 0, 0, 0, 0, 0, 0, 0, 0, 0, 0, 0, 0, 0, 0, 0, 0, 0, 0, 0, 0, 0, 0, 0, 0, 0, 0, 0, 0, 0, 0, 0, 0, 0], [0, 0, 2, 3, 0, 1, 0, 0, 3, 0, 3, 0, 2, 0, 0, 0, 2, 0, 0, 3, 6, 3, 0, 3, 2, 0, 3, 0, 2, 2, 1, 0, 0, 1, 0, 2, 9, 0, 8, 0, 2, 6, 2, 0, 2, 0, 0, 0, 0, 3, 10, 0, 6, 2, 6, 0, 0, 1, 0, 0]]
['13', '3', 11, 12, [0, 0, 0, 0, 0, 0, 0, 0, 0, 0, 0, 0, 0, 0, 0, 0, 0, 0, 0, 0, 0, 0, 0, 0, 0, 0, 0, 0, 0, 0, 0, 0, 0, 0, 0, 0, 0, 0, 0, 0, 0, 0, 0, 0, 0, 0, 0, 0, 0, 0, 0, 0, 0, 0, 0, 0, 0, 0, 0, 0], [0, 0, 5, 0, 3, 0, 2, 0, 1, 0, 0, 0, 0, 2, 1, 0, 0, 0, 1, 0, 2, 3, 0, 2, 2, 0, 2, 4, 5, 0, 8, 0, 2, 2, 0, 6, 0, 3, 1, 3, 10, 0, 3, 2, 2, 0, 0, 7, 0, 0, 3, 0, 0, 6, 4, 0, 0, 0, 3, 2]]
['13', '14', 17, 17, [0, 0, 0, 0, 0, 0, 0, 0, 0, 0, 0, 0, 0, 0, 0, 0, 0, 0, 0, 0, 0, 0, 0, 0, 0, 0, 0, 0, 0, 0, 0, 0, 0, 0, 0, 0, 0, 0, 0, 0, 0, 0, 0, 0, 0, 0, 0, 0, 0, 0, 0, 0, 0, 0, 0, 0, 0, 0, 0, 0], [2, 7, 0, 0, 0, 1, 7, 0, 0, 3, 0, 2, 2, 0, 0, 1, 2, 3, 1, 1, 10, 1, 0, 0, 0, 0, 1, 0, 1, 2, 3, 0, 0, 1, 0, 0, 0, 2, 2, 3, 0, 3, 0, 0, 0, 7, 3, 0, 1, 0, 0, 1, 0, 3, 0, 0, 0, 2, 0, 9]]
['1', '13', 20, 18, [2, 7, 0, 0, 0, 1, 7, 0, 0, 3, 0, 2, 2, 0, 0, 1, 2, 3, 1, 1, 10, 1, 0, 0, 0, 0, 1, 0, 1, 2, 3, 0, 0, 1, 0, 0, 0, 2, 2, 3, 0, 3, 0, 0, 0, 7, 3, 0, 1, 0, 0, 1, 0, 3, 0, 0, 0, 2, 0, 9], [2, 6, 0, 0, 0, 4, 5, 0, 0, 4, 0, 0, 0, 0, 0, 3, 0, 5, 4, 1, 8, 0, 3, 3, 0, 6, 2, 0, 1, 6, 6, 0, 2, 3, 0, 3, 3, 0, 3, 2, 3, 2, 0, 0, 0, 7, 3, 2, 2, 0, 0, 4, 8, 5, 0, 5, 4, 2, 3, 9]]
['1', '0', 20, 21, [0, 0, 0, 0, 0, 0, 0, 0, 0, 0, 0, 0, 0, 0, 0, 0, 0, 0, 0, 0, 0, 0, 0, 0, 0, 0, 0, 0, 0, 0, 0, 0, 0, 0, 0, 0, 0, 0, 0, 0, 0, 0, 0, 0, 0, 0, 0, 0, 0, 0, 0, 0, 0, 0, 0, 0, 0, 0, 0, 0], [0, 3, 6, 0, 0, 2, 8, 9, 0, 0, 0, 3, 0, 0, 2, 0, 1, 7, 0, 0, 0, 0, 0, 2, 3, 0, 0, 0, 6, 3, 1, 0, 3, 0, 3, 0, 0, 0, 4, 0, 0, 3, 0, 5, 3, 1, 2, 2, 0, 0, 3, 2, 3, 0, 3, 0, 0, 0, 5, 1]]
['15', '1', 29, 33, [0, 3, 6, 0, 0, 2, 8, 9, 0, 0, 0, 3, 0, 0, 2, 0, 1, 7, 0, 0, 0, 0, 0, 2, 3, 0, 0, 0, 6, 3, 1, 0, 3, 0, 3, 0, 0, 0, 4, 0, 0, 3, 0, 5, 3, 1, 2, 2, 0, 0, 3, 2, 3, 0, 3, 0, 0, 0, 5, 1], [10, 5, 6, 4, 0, 5, 10, 1, 2, 0, 0, 1, 0, 0, 5, 2, 0, 9, 0, 0, 0, 0, 0, 5, 2, 0, 0, 3, 7, 4, 5, 2, 2, 3, 6, 1, 9, 2, 1, 0, 0, 2, 0, 7, 2, 1, 0, 2, 0, 0, 3, 2, 1, 0, 3, 0, 5, 0, 4, 2]]
['15', '14', 38, 38, [0, 0, 0, 0, 0, 0, 0, 0, 0, 0, 0, 0, 0, 0, 0, 0, 0, 0, 0, 0, 0, 0, 0, 0, 0, 0, 0, 0, 0, 0, 0, 0, 0, 0, 0, 0, 0, 0, 0, 0, 0, 0, 0, 0, 0, 0, 0, 0, 0, 0, 0, 0, 0, 0, 0, 0, 0, 0, 0, 0], [9, 0, 1, 1, 0, 8, 0, 8, 4, 0, 0, 8, 3, 0, 0, 2, 0, 0, 0, 7, 0, 0, 0, 3, 1, 4, 2, 1, 4, 0, 5, 0, 1, 2, 2, 2, 0, 1, 2, 5, 7, 1, 0, 0, 0, 5, 0, 2, 0, 1, 0, 0, 0, 2, 0, 0, 3, 0, 0, 0]]
['6', '15', 41, 41, [9, 0, 1, 1, 0, 8, 0, 8, 4, 0, 0, 8, 3, 0, 0, 2, 0, 0, 0, 7, 0, 0, 0, 3, 1, 4, 2, 1, 4, 0, 5, 0, 1, 2, 2, 2, 0, 1, 2, 5, 7, 1, 0, 0, 0, 5, 0, 2, 0, 1, 0, 0, 0, 2, 0, 0, 3, 0, 0, 0], [10, 0, 3, 3, 3, 9, 0, 8, 6, 0, 0, 7, 3, 0, 2, 5, 0, 8, 0, 4, 0, 2, 2, 6, 2, 2, 4, 0, 7, 0, 7, 0, 4, 2, 1, 1, 6, 1, 4, 2, 9, 7, 3, 0, 0, 3, 1, 5, 0, 1, 1, 2, 0, 1, 2, 0, 3, 0, 2, 0]]
['1', '6', 68, 66, [10, 0, 3, 3, 3, 9, 0, 8, 6, 0, 0, 7, 3, 0, 2, 5, 0, 8, 0, 4, 0, 2, 2, 6, 2, 2, 4, 0, 7, 0, 7, 0, 4, 2, 1, 1, 6, 1, 4, 2, 9, 7, 3, 0, 0, 3, 1, 5, 0, 1, 1, 2, 0, 1, 2, 0, 3, 0, 2, 0], [10, 1, 7, 0, 4, 6, 7, 8, 4, 0, 1, 9, 3, 1, 5, 4, 6, 7, 9, 4, 0, 3, 0, 4, 3, 0, 4, 0, 9, 0, 8, 0, 10, 4, 10, 2, 3, 2, 2, 0, 10, 8, 0, 8, 0, 7, 3, 6, 0, 1, 0, 4, 0, 0, 3, 2, 3, 0, 1, 0]]
['6', '1', 74, 75, [10, 1, 7, 0, 4, 6, 7, 8, 4, 0, 1, 9, 3, 1, 5, 4, 6, 7, 9, 4, 0, 3, 0, 4, 3, 0, 4, 0, 9, 0, 8, 0, 10, 4, 10, 2, 3, 2, 2, 0, 10, 8, 0, 8, 0, 7, 3, 6, 0, 1, 0, 4, 0, 0, 3, 2, 3, 0, 1, 0], [8, 2, 10, 0, 4, 4, 5, 8, 2, 2, 4, 9, 3, 9, 5, 1, 10, 7, 9, 2, 10, 2, 0, 5, 2, 3, 7, 8, 7, 1, 8, 0, 10, 4, 10, 4, 4, 0, 3, 2, 10, 6, 0, 6, 2, 4, 2, 8, 2, 1, 0, 4, 2, 0, 5, 4, 0, 0, 0, 1]]
['9', '6', 104, 105, [8, 2, 10, 0, 4, 4, 5, 8, 2, 2, 4, 9, 3, 9, 5, 1, 10, 7, 9, 2, 10, 2, 0, 5, 2, 3, 7, 8, 7, 1, 8, 0, 10, 4, 10, 4, 4, 0, 3, 2, 10, 6, 0, 6, 2, 4, 2, 8, 2, 1, 0, 4, 2, 0, 5, 4, 0, 0, 0, 1], [7, 0, 7, 3, 4, 7, 5, 7, 9, 0, 4, 9, 0, 9, 3, 0, 9, 9, 10, 2, 10, 0, 3, 2, 5, 5, 7, 9, 7, 0, 8, 8, 10, 5, 10, 0, 5, 0, 0, 0, 8, 4, 0, 5, 2, 5, 2, 7, 0, 4, 10, 1, 1, 0, 3, 4, 0, 1, 1, 1]]
['5', '9', 110, 108, [7, 0, 7, 3, 4, 7, 5, 7, 9, 0, 4, 9, 0, 9, 3, 0, 9, 9, 10, 2, 10, 0, 3, 2, 5, 5, 7, 9, 7, 0, 8, 8, 10, 5, 10, 0, 5, 0, 0, 0, 8, 4, 0, 5, 2, 5, 2, 7, 0, 4, 10, 1, 1, 0, 3, 4, 0, 1, 1, 1], [6, 2, 10, 5, 1, 7, 5, 7, 10, 6, 7, 6, 1, 9, 3, 0, 7, 9, 10, 4, 9, 9, 2, 0, 4, 9, 7, 6, 4, 0, 8, 5, 10, 5, 10, 0, 2, 0, 0, 0, 5, 4, 0, 8, 2, 3, 0, 9, 0, 4, 10, 0, 2, 0, 5, 4, 0, 0, 3, 0]]
['14', '5', 125, 126, [6, 2, 10, 5, 1, 7, 5, 7, 10, 6, 7, 6, 1, 9, 3, 0, 7, 9, 10, 4, 9, 9, 2, 0, 4, 9, 7, 6, 4, 0, 8, 5, 10, 5, 10, 0, 2, 0, 0, 0, 5, 4, 0, 8, 2, 3, 0, 9, 0, 4, 10, 0, 2, 0, 5, 4, 0, 0, 3, 0], [5, 5, 10, 5, 3, 9, 6, 8, 10, 8, 5, 2, 4, 8, 5, 7, 9, 9, 10, 7, 10, 9, 0, 0, 6, 7, 6, 6, 6, 0, 2, 5, 10, 8, 10, 3, 3, 0, 6, 0, 5, 4, 0, 0, 0, 0, 0, 2, 1, 2, 3, 0, 4, 8, 6, 4, 2, 0, 1, 0]]
['0', '14', 131, 129, [5, 5, 10, 5, 3, 9, 6, 8, 10, 8, 5, 2, 4, 8, 5, 7, 9, 9, 10, 7, 10, 9, 0, 0, 6, 7, 6, 6, 6, 0, 2, 5, 10, 8, 10, 3, 3, 0, 6, 0, 5, 4, 0, 0, 0, 0, 0, 2, 1, 2, 3, 0, 4, 8, 6, 4, 2, 0, 1, 0], [4, 5, 10, 2, 3, 9, 3, 8, 10, 7, 2, 2, 2, 8, 8, 7, 8, 9, 8, 7, 7, 7, 0, 0, 6, 7, 7, 5, 4, 0, 4, 3, 9, 5, 8, 3, 3, 0, 9, 0, 8, 4, 1, 0, 0, 4, 0, 6, 0, 5, 5, 3, 4, 9, 7, 0, 0, 0, 1, 0]]
['5', '0', 131, 132, [4, 5, 10, 2, 3, 9, 3, 8, 10, 7, 2, 2, 2, 8, 8, 7, 8, 9, 8, 7, 7, 7, 0, 0, 6, 7, 7, 5, 4, 0, 4, 3, 9, 5, 8, 3, 3, 0, 9, 0, 8, 4, 1, 0, 0, 4, 0, 6, 0, 5, 5, 3, 4, 9, 7, 0, 0, 0, 1, 0], [6, 0, 9, 1, 4, 9, 6, 7, 10, 4, 0, 4, 2, 7, 9, 4, 2, 9, 8, 9, 8, 5, 0, 1, 7, 7, 5, 8, 5, 9, 6, 1, 6, 4, 10, 4, 1, 0, 7, 3, 9, 7, 0, 0, 0, 7, 0, 0, 10, 7, 2, 0, 1, 8, 9, 3, 0, 0, 1, 0]]
['9', '5', 146, 147, [6, 0, 9, 1, 4, 9, 6, 7, 10, 4, 0, 4, 2, 7, 9, 4, 2, 9, 8, 9, 8, 5, 0, 1, 7, 7, 5, 8, 5, 9, 6, 1, 6, 4, 10, 4, 1, 0, 7, 3, 9, 7, 0, 0, 0, 7, 0, 0, 10, 7, 2, 0, 1, 8, 9, 3, 0, 0, 1, 0], [6, 0, 1, 0, 10, 9, 6, 9, 10, 7, 2, 6, 2, 6, 7, 7, 2, 9, 10, 6, 10, 8, 2, 0, 9, 7, 4, 9, 5, 8, 6, 4, 9, 3, 10, 0, 0, 0, 8, 0, 6, 8, 0, 1, 1, 7, 0, 7, 7, 7, 4, 0, 0, 8, 9, 2, 0, 0, 0, 5]]
